# Time 	 Euler Position 	 Leap Position  	 RK4 Position 
0.000000000000e+00 	 0.000000000000e+00 	  0.000000000000e+00 	  0.000000000000e+00 
2.999999932945e-02 	 2.999999932945e-02 	  2.999999932945e-02 	  2.999549917877e-02 
5.999999865890e-02 	 5.999999865890e-02 	  5.997299775481e-02 	  5.996400490403e-02 
8.999999612570e-02 	 8.997300267220e-02 	  8.989201486111e-02 	  8.987854421139e-02 
1.199999973178e-01 	 1.198920011520e-01 	  1.197301298380e-01 	  1.197122037411e-01 
1.499999910593e-01 	 1.497300267220e-01 	  1.494604945183e-01 	  1.494381278753e-01 
1.799999922514e-01 	 1.794601529837e-01 	  1.790563464165e-01 	  1.790295690298e-01 
2.099999934435e-01 	 2.090555131435e-01 	  2.084910422564e-01 	  2.084598988295e-01 
2.399999946356e-01 	 2.384893596172e-01 	  2.377381026745e-01 	  2.377026230097e-01 
2.699999809265e-01 	 2.677350640297e-01 	  2.667711973190e-01 	  2.667314410210e-01 
2.999999821186e-01 	 2.967661321163e-01 	  2.955642044544e-01 	  2.955202162266e-01 
3.299999833107e-01 	 3.255562186241e-01 	  3.240911960602e-01 	  3.240430355072e-01 
3.599999845028e-01 	 3.540792167187e-01 	  3.523265123367e-01 	  3.522742390633e-01 
3.899999856949e-01 	 3.823092281818e-01 	  3.802447319031e-01 	  3.801884055138e-01 
4.199999868870e-01 	 4.102205634117e-01 	  4.078207314014e-01 	  4.077604413033e-01 
4.499999880791e-01 	 4.377878308296e-01 	  4.350296854973e-01 	  4.349655210972e-01 
4.799999892712e-01 	 4.649858772755e-01 	  4.618471264839e-01 	  4.617791473866e-01 
5.099999904633e-01 	 4.917899370193e-01 	  4.882488846779e-01 	  4.881772100925e-01 
5.399999618530e-01 	 5.181754827499e-01 	  5.142112374306e-01 	  5.141359567642e-01 
5.699999928474e-01 	 5.441184043884e-01 	  5.397107601166e-01 	  5.396320223808e-01 
5.999999642372e-01 	 5.695949792862e-01 	  5.647245645523e-01 	  5.646424293518e-01 
6.299999952316e-01 	 5.945818424225e-01 	  5.892301201820e-01 	  5.891447067261e-01 
6.599999666214e-01 	 6.190561056137e-01 	  6.132053732872e-01 	  6.131168007851e-01 
6.899999976158e-01 	 6.429952383041e-01 	  6.366287469864e-01 	  6.365371346474e-01 
7.199999690056e-01 	 6.663771867752e-01 	  6.594791412354e-01 	  6.593846082687e-01 
7.500000000000e-01 	 6.891804933548e-01 	  6.817359924316e-01 	  6.816387176514e-01 
7.799999713898e-01 	 7.113840579987e-01 	  7.033792734146e-01 	  7.032793760300e-01 
8.100000023842e-01 	 7.329673171043e-01 	  7.243895530701e-01 	  7.242871522903e-01 
8.399999737740e-01 	 7.539103627205e-01 	  7.447478771210e-01 	  7.446430921555e-01 
8.700000047684e-01 	 7.741937041283e-01 	  7.644359469414e-01 	  7.643288969994e-01 
8.999999761581e-01 	 7.937985658646e-01 	  7.834360003471e-01 	  7.833268642426e-01 
9.300000071526e-01 	 8.127066493034e-01 	  8.017309308052e-01 	  8.016198873520e-01 
9.599999785423e-01 	 8.309003114700e-01 	  8.193043470383e-01 	  8.191915154457e-01 
9.899999499321e-01 	 8.483625054359e-01 	  8.361403942108e-01 	  8.360258936882e-01 
1.019999980927e+00 	 8.650768995285e-01 	  8.522238731384e-01 	  8.521079421043e-01 
1.049999952316e+00 	 8.810277581215e-01 	  8.675403594971e-01 	  8.674231171608e-01 
1.079999923706e+00 	 8.962000608444e-01 	  8.820760846138e-01 	  8.819577097893e-01 
1.110000014305e+00 	 9.105794429779e-01 	  8.958179354668e-01 	  8.956986069679e-01 
1.139999985695e+00 	 9.241522550583e-01 	  9.087535142899e-01 	  9.086334109306e-01 
1.169999957085e+00 	 9.369055628777e-01 	  9.208712577820e-01 	  9.207504987717e-01 
1.199999928474e+00 	 9.488270878792e-01 	  9.321601986885e-01 	  9.320389628410e-01 
1.230000019073e+00 	 9.599054455757e-01 	  9.426102042198e-01 	  9.424886703491e-01 
1.259999990463e+00 	 9.701298475266e-01 	  9.522118568420e-01 	  9.520902037621e-01 
1.289999961853e+00 	 9.794903397560e-01 	  9.609565138817e-01 	  9.608349204063e-01 
1.319999933243e+00 	 9.879776835442e-01 	  9.688363075256e-01 	  9.687149524689e-01 
1.350000023842e+00 	 9.955834746361e-01 	  9.758441448212e-01 	  9.757232069969e-01 
1.379999995232e+00 	 1.002300143242e+00 	  9.819737076759e-01 	  9.818533658981e-01 
1.409999966621e+00 	 1.008120775223e+00 	  9.872195124626e-01 	  9.870999455452e-01 
1.439999938011e+00 	 1.013039350510e+00 	  9.915768504143e-01 	  9.914581775665e-01 
1.469999909401e+00 	 1.017050623894e+00 	  9.950417280197e-01 	  9.949241876602e-01 
1.500000000000e+00 	 1.020150065422e+00 	  9.976111054420e-01 	  9.974948167801e-01 
1.529999971390e+00 	 1.022334218025e+00 	  9.992825984955e-01 	  9.991677999496e-01 
1.559999942780e+00 	 1.023600220680e+00 	  1.000054717064e+00 	  9.999415874481e-01 
1.589999914169e+00 	 1.023946166039e+00 	  9.999268054962e-01 	  9.998154640198e-01 
1.620000004768e+00 	 1.023370862007e+00 	  9.988989830017e-01 	  9.987896084785e-01 
1.649999976158e+00 	 1.021873950958e+00 	  9.969721436501e-01 	  9.968649148941e-01 
1.679999947548e+00 	 1.019456028938e+00 	  9.941480159760e-01 	  9.940431118011e-01 
1.709999918938e+00 	 1.016118407249e+00 	  9.904291629791e-01 	  9.903267025948e-01 
1.740000009537e+00 	 1.011863350868e+00 	  9.858189225197e-01 	  9.857190847397e-01 
1.769999980927e+00 	 1.006693720818e+00 	  9.803214669228e-01 	  9.802243709564e-01 
1.799999952316e+00 	 1.000613451004e+00 	  9.739416837692e-01 	  9.738475084305e-01 
1.829999923706e+00 	 9.936271309853e-01 	  9.666853547096e-01 	  9.665942788124e-01 
1.860000014305e+00 	 9.857402443886e-01 	  9.585590362549e-01 	  9.584711790085e-01 
1.889999985695e+00 	 9.769591093063e-01 	  9.495700001717e-01 	  9.494855403900e-01 
1.919999957085e+00 	 9.672908186913e-01 	  9.397263526917e-01 	  9.396454095840e-01 
1.949999928474e+00 	 9.567432403564e-01 	  9.290369749069e-01 	  9.289596676826e-01 
1.979999899864e+00 	 9.453251361847e-01 	  9.175114631653e-01 	  9.174379110336e-01 
2.009999990463e+00 	 9.330459237099e-01 	  9.051601886749e-01 	  9.050905108452e-01 
2.039999961853e+00 	 9.199159145355e-01 	  8.919942378998e-01 	  8.919286131859e-01 
2.069999933243e+00 	 9.059461951256e-01 	  8.780255317688e-01 	  8.779640197754e-01 
2.099999904633e+00 	 8.911485671997e-01 	  8.632665872574e-01 	  8.632093071938e-01 
2.129999876022e+00 	 8.755355477333e-01 	  8.477306962013e-01 	  8.476777672768e-01 
2.159999847412e+00 	 8.591204881668e-01 	  8.314318656921e-01 	  8.313834071159e-01 
2.190000057220e+00 	 8.419174551964e-01 	  8.143846988678e-01 	  8.143408298492e-01 
2.220000028610e+00 	 8.239412307739e-01 	  7.966046333313e-01 	  7.965654134750e-01 
2.250000000000e+00 	 8.052072525024e-01 	  7.781075835228e-01 	  7.780731320381e-01 
2.279999971390e+00 	 7.857317328453e-01 	  7.589102387428e-01 	  7.588806748390e-01 
2.309999942780e+00 	 7.655315399170e-01 	  7.390298843384e-01 	  7.390052676201e-01 
2.339999914169e+00 	 7.446241974831e-01 	  7.184844017029e-01 	  7.184647917747e-01 
2.369999885559e+00 	 7.230278849602e-01 	  6.972922682762e-01 	  6.972777247429e-01 
2.399999856949e+00 	 7.007613778114e-01 	  6.754726171494e-01 	  6.754631996155e-01 
2.429999828339e+00 	 6.778441667557e-01 	  6.530449986458e-01 	  6.530407667160e-01 
2.460000038147e+00 	 6.542962789536e-01 	  6.300296783447e-01 	  6.300306320190e-01 
2.490000009537e+00 	 6.301383376122e-01 	  6.064473390579e-01 	  6.064535379410e-01 
2.519999980927e+00 	 6.053915023804e-01 	  5.823192000389e-01 	  5.823306441307e-01 
2.549999952316e+00 	 5.800775289536e-01 	  5.576669573784e-01 	  5.576837062836e-01 
2.579999923706e+00 	 5.542187094688e-01 	  5.325127840042e-01 	  5.325348973274e-01 
2.609999895096e+00 	 5.278378129005e-01 	  5.068793892860e-01 	  5.069068670273e-01 
2.639999866486e+00 	 5.009581446648e-01 	  4.807897806168e-01 	  4.808226227760e-01 
2.669999837875e+00 	 4.736034274101e-01 	  4.542674720287e-01 	  4.543056786060e-01 
2.700000047684e+00 	 4.457978606224e-01 	  4.273363351822e-01 	  4.273799061775e-01 
2.730000019073e+00 	 4.175660312176e-01 	  4.000205695629e-01 	  4.000695049763e-01 
2.759999990463e+00 	 3.889330029488e-01 	  3.723447918892e-01 	  3.723990619183e-01 
2.789999961853e+00 	 3.599241375923e-01 	  3.443339169025e-01 	  3.443934917450e-01 
2.819999933243e+00 	 3.305652439594e-01 	  3.160131275654e-01 	  3.160780072212e-01 
2.849999904633e+00 	 3.008824288845e-01 	  2.874079346657e-01 	  2.874780595303e-01 
2.879999876022e+00 	 2.709020972252e-01 	  2.585440874100e-01 	  2.586193978786e-01 
2.909999847412e+00 	 2.406509667635e-01 	  2.294475287199e-01 	  2.295279949903e-01 
2.939999818802e+00 	 2.101560235023e-01 	  2.001444697380e-01 	  2.002300322056e-01 
2.970000028610e+00 	 1.794444918633e-01 	  1.706612855196e-01 	  1.707518845797e-01 
3.000000000000e+00 	 1.485438346863e-01 	  1.410245001316e-01 	  1.411200612783e-01 
3.029999971390e+00 	 1.174816712737e-01 	  1.112608015537e-01 	  1.113612428308e-01 
3.059999942780e+00 	 8.628581464291e-02 	  8.139696717262e-02 	  8.150220662355e-02 
3.089999914169e+00 	 5.498423054814e-02 	  5.145987495780e-02 	  5.156982690096e-02 
3.119999885559e+00 	 2.360498532653e-02 	  2.147646993399e-02 	  2.159103937447e-02 
3.149999856949e+00 	 -7.823742926121e-03 	  -8.526265621185e-03 	  -8.407180197537e-03 
3.179999828339e+00 	 -3.927371650934e-02 	  -3.852132707834e-02 	  -3.839783370495e-02 
3.210000038147e+00 	 -7.071664929390e-02 	  -6.848172098398e-02 	  -6.835392862558e-02 
3.240000009537e+00 	 -1.021242290735e-01 	  -9.838047623634e-02 	  -9.824851155281e-02 
3.269999980927e+00 	 -1.334681659937e-01 	  -1.281906962395e-01 	  -1.280546784401e-01 
3.299999952316e+00 	 -1.647201925516e-01 	  -1.578855365515e-01 	  -1.577455997467e-01 
3.329999923706e+00 	 -1.958521008492e-01 	  -1.874382793903e-01 	  -1.872945725918e-01 
3.359999895096e+00 	 -2.268357574940e-01 	  -2.168223410845e-01 	  -2.166749835014e-01 
3.389999866486e+00 	 -2.576431632042e-01 	  -2.460112571716e-01 	  -2.458603978157e-01 
3.419999837875e+00 	 -2.882463932037e-01 	  -2.749787569046e-01 	  -2.748245596886e-01 
3.449999809265e+00 	 -3.186177611351e-01 	  -3.036987781525e-01 	  -3.035413920879e-01 
3.480000019073e+00 	 -3.487296998501e-01 	  -3.321454823017e-01 	  -3.319850564003e-01 
3.509999990463e+00 	 -3.785548806190e-01 	  -3.602932393551e-01 	  -3.601299524307e-01 
3.539999961853e+00 	 -4.080662131310e-01 	  -3.881167471409e-01 	  -3.879507780075e-01 
3.569999933243e+00 	 -4.372368454933e-01 	  -4.155909419060e-01 	  -4.154224693775e-01 
3.599999904633e+00 	 -4.660402238369e-01 	  -4.426911175251e-01 	  -4.425202906132e-01 
3.629999876022e+00 	 -4.944500923157e-01 	  -4.693928658962e-01 	  -4.692198932171e-01 
3.659999847412e+00 	 -5.224404931068e-01 	  -4.956721663475e-01 	  -4.954972267151e-01 
3.689999818802e+00 	 -5.499858856201e-01 	  -5.215053558350e-01 	  -5.213286280632e-01 
3.720000028610e+00 	 -5.770611166954e-01 	  -5.468691587448e-01 	  -5.466908812523e-01 
3.750000000000e+00 	 -6.036413311958e-01 	  -5.717408061028e-01 	  -5.715611577034e-01 
3.779999971390e+00 	 -6.297022104263e-01 	  -5.960978865623e-01 	  -5.959170460701e-01 
3.809999942780e+00 	 -6.552197933197e-01 	  -6.199184656143e-01 	  -6.197366714478e-01 
3.839999914169e+00 	 -6.801706552505e-01 	  -6.431811451912e-01 	  -6.429985761642e-01 
3.869999885559e+00 	 -7.045318484306e-01 	  -6.658649444580e-01 	  -6.656818389893e-01 
3.899999856949e+00 	 -7.282808423042e-01 	  -6.879494786263e-01 	  -6.877660155296e-01 
3.929999828339e+00 	 -7.513957619667e-01 	  -7.094148397446e-01 	  -7.092312574387e-01 
3.959999799728e+00 	 -7.738552689552e-01 	  -7.302417159081e-01 	  -7.300582528114e-01 
3.990000009537e+00 	 -7.956385016441e-01 	  -7.504113912582e-01 	  -7.502282261848e-01 
4.019999980927e+00 	 -8.167252540588e-01 	  -7.699056863785e-01 	  -7.697230577469e-01 
4.049999713898e+00 	 -8.370959162712e-01 	  -7.887070775032e-01 	  -7.885251641273e-01 
4.079999923706e+00 	 -8.567315340042e-01 	  -8.067986369133e-01 	  -8.066176772118e-01 
4.110000133514e+00 	 -8.756138086319e-01 	  -8.241640925407e-01 	  -8.239842653275e-01 
4.139999866486e+00 	 -8.937249779701e-01 	  -8.407877683640e-01 	  -8.406093120575e-01 
4.170000076294e+00 	 -9.110481142998e-01 	  -8.566547632217e-01 	  -8.564778566360e-01 
4.199999809265e+00 	 -9.275668859482e-01 	  -8.717507719994e-01 	  -8.715756535530e-01 
4.230000019073e+00 	 -9.432657361031e-01 	  -8.860622048378e-01 	  -8.858891129494e-01 
4.259999752045e+00 	 -9.581297636032e-01 	  -8.995761871338e-01 	  -8.994053006172e-01 
4.289999961853e+00 	 -9.721448421478e-01 	  -9.122804999352e-01 	  -9.121121168137e-01 
4.319999694824e+00 	 -9.852976202965e-01 	  -9.241637587547e-01 	  -9.239980578423e-01 
4.349999904633e+00 	 -9.975754618645e-01 	  -9.352152943611e-01 	  -9.350524544716e-01 
4.380000114441e+00 	 -1.008966565132e+00 	  -9.454251527786e-01 	  -9.452654123306e-01 
4.409999847412e+00 	 -1.019459843636e+00 	  -9.547840952873e-01 	  -9.546276926994e-01 
4.440000057220e+00 	 -1.029044985771e+00 	  -9.632837772369e-01 	  -9.631308317184e-01 
4.469999790192e+00 	 -1.037712693214e+00 	  -9.709164500237e-01 	  -9.707672595978e-01 
4.500000000000e+00 	 -1.045454263687e+00 	  -9.776753187180e-01 	  -9.775300621986e-01 
4.529999732971e+00 	 -1.052261829376e+00 	  -9.835543036461e-01 	  -9.834131598473e-01 
4.559999942780e+00 	 -1.058128476143e+00 	  -9.885480999947e-01 	  -9.884112477303e-01 
4.589999675751e+00 	 -1.063048124313e+00 	  -9.926521778107e-01 	  -9.925197958946e-01 
4.619999885559e+00 	 -1.067015409470e+00 	  -9.958628416061e-01 	  -9.957351684570e-01 
4.650000095367e+00 	 -1.070026040077e+00 	  -9.981772303581e-01 	  -9.980544447899e-01 
4.679999828339e+00 	 -1.072076320648e+00 	  -9.995932579041e-01 	  -9.994755387306e-01 
4.710000038147e+00 	 -1.073163628578e+00 	  -1.000109672546e+00 	  -9.999971389771e-01 
4.739999771118e+00 	 -1.073286056519e+00 	  -9.997259974480e-01 	  -9.996188282967e-01 
4.769999980927e+00 	 -1.072442531586e+00 	  -9.984425902367e-01 	  -9.983409643173e-01 
4.799999713898e+00 	 -1.070633053780e+00 	  -9.962605834007e-01 	  -9.961646199226e-01 
4.829999923706e+00 	 -1.067858457565e+00 	  -9.931819438934e-01 	  -9.930918216705e-01 
4.859999656677e+00 	 -1.064120292664e+00 	  -9.892094135284e-01 	  -9.891253113747e-01 
4.889999866486e+00 	 -1.059421062469e+00 	  -9.843465685844e-01 	  -9.842686653137e-01 
4.920000076294e+00 	 -1.053764104843e+00 	  -9.785978198051e-01 	  -9.785262346268e-01 
4.949999809265e+00 	 -1.047153711319e+00 	  -9.719683527946e-01 	  -9.719032049179e-01 
4.980000019073e+00 	 -1.039594888687e+00 	  -9.644641280174e-01 	  -9.644054770470e-01 
5.009999752045e+00 	 -1.031093597412e+00 	  -9.560918807983e-01 	  -9.560398459435e-01 
5.039999961853e+00 	 -1.021656632423e+00 	  -9.468591213226e-01 	  -9.468138813972e-01 
5.069999694824e+00 	 -1.011291742325e+00 	  -9.367741942406e-01 	  -9.367358088493e-01 
5.099999904633e+00 	 -1.000007390976e+00 	  -9.258461594582e-01 	  -9.258147478104e-01 
5.130000114441e+00 	 -9.878128170967e-01 	  -9.140849113464e-01 	  -9.140605330467e-01 
5.159999847412e+00 	 -9.747182726860e-01 	  -9.015009403229e-01 	  -9.014837145805e-01 
5.190000057220e+00 	 -9.607346653938e-01 	  -8.881056308746e-01 	  -8.880956172943e-01 
5.219999790192e+00 	 -9.458738565445e-01 	  -8.739110231400e-01 	  -8.739082813263e-01 
5.250000000000e+00 	 -9.301483631134e-01 	  -8.589299321175e-01 	  -8.589345216751e-01 
5.279999732971e+00 	 -9.135715961456e-01 	  -8.431757688522e-01 	  -8.431877493858e-01 
5.309999942780e+00 	 -8.961576819420e-01 	  -8.266627788544e-01 	  -8.266822099686e-01 
5.339999675751e+00 	 -8.779215216637e-01 	  -8.094058036804e-01 	  -8.094326853752e-01 
5.369999885559e+00 	 -8.588788509369e-01 	  -7.914203405380e-01 	  -7.914547324181e-01 
5.400000095367e+00 	 -8.390460610390e-01 	  -7.727226018906e-01 	  -7.727645039558e-01 
5.429999828339e+00 	 -8.184402585030e-01 	  -7.533293962479e-01 	  -7.533788681030e-01 
5.460000038147e+00 	 -7.970793247223e-01 	  -7.332581877708e-01 	  -7.333152294159e-01 
5.489999771118e+00 	 -7.749817967415e-01 	  -7.125270366669e-01 	  -7.125916481018e-01 
5.519999980927e+00 	 -7.521668672562e-01 	  -6.911546587944e-01 	  -6.912267804146e-01 
5.549999713898e+00 	 -7.286545038223e-01 	  -6.691602468491e-01 	  -6.692398786545e-01 
5.579999923706e+00 	 -7.044651508331e-01 	  -6.465635895729e-01 	  -6.466506719589e-01 
5.609999656677e+00 	 -6.796200275421e-01 	  -6.233850121498e-01 	  -6.234795451164e-01 
5.639999866486e+00 	 -6.541408896446e-01 	  -5.996453762054e-01 	  -5.997473597527e-01 
5.670000076294e+00 	 -6.280500888824e-01 	  -5.753660798073e-01 	  -5.754753947258e-01 
5.699999809265e+00 	 -6.013705730438e-01 	  -5.505689382553e-01 	  -5.506855845451e-01 
5.730000019073e+00 	 -5.741258263588e-01 	  -5.252763032913e-01 	  -5.254001617432e-01 
5.759999752045e+00 	 -5.463398098946e-01 	  -4.995108842850e-01 	  -4.996419250965e-01 
5.789999961853e+00 	 -5.180370807648e-01 	  -4.732959270477e-01 	  -4.734340310097e-01 
5.819999694824e+00 	 -4.892426431179e-01 	  -4.466549754143e-01 	  -4.468000829220e-01 
5.849999904633e+00 	 -4.599819779396e-01 	  -4.196120500565e-01 	  -4.197640419006e-01 
5.879999637604e+00 	 -4.302809834480e-01 	  -3.921914696693e-01 	  -3.923502564430e-01 
5.909999847412e+00 	 -4.001660048962e-01 	  -3.644179105759e-01 	  -3.645833730698e-01 
5.940000057220e+00 	 -3.696637749672e-01 	  -3.363163769245e-01 	  -3.364883959293e-01 
5.969999790192e+00 	 -3.388014137745e-01 	  -3.079121708870e-01 	  -3.080905973911e-01 
6.000000000000e+00 	 -3.076063394547e-01 	  -2.792308330536e-01 	  -2.794155478477e-01 
6.029999732971e+00 	 -2.761063575745e-01 	  -2.502982020378e-01 	  -2.504890263081e-01 
6.059999942780e+00 	 -2.443295270205e-01 	  -2.211402952671e-01 	  -2.213370800018e-01 
6.089999675751e+00 	 -2.123042047024e-01 	  -1.917833536863e-01 	  -1.919859498739e-01 
6.119999885559e+00 	 -1.800589859486e-01 	  -1.622538119555e-01 	  -1.624620407820e-01 
6.150000095367e+00 	 -1.476226896048e-01 	  -1.325782388449e-01 	  -1.327919363976e-01 
6.179999828339e+00 	 -1.150243431330e-01 	  -1.027833446860e-01 	  -1.030023247004e-01 
6.210000038147e+00 	 -8.229313790798e-02 	  -7.289594411850e-02 	  -7.312002032995e-02 
6.239999771118e+00 	 -4.945840314031e-02 	  -4.294294118881e-02 	  -4.317190870643e-02 
6.269999980927e+00 	 -1.654960587621e-02 	  -1.295128650963e-02 	  -1.318494696170e-02 
6.299999713898e+00 	 1.640370488167e-02 	  1.705202460289e-02 	  1.681387983263e-02 
6.329999923706e+00 	 4.937191307545e-02 	  4.703998938203e-02 	  4.679757729173e-02 
6.359999656677e+00 	 8.232535421848e-02 	  7.698561996222e-02 	  7.673916220665e-02 
6.389999866486e+00 	 1.152343600988e-01 	  1.068619638681e-01 	  1.066116839647e-01 
6.420000076294e+00 	 1.480692774057e-01 	  1.366421282291e-01 	  1.363882571459e-01 
6.449999809265e+00 	 1.808004826307e-01 	  1.662993133068e-01 	  1.660420894623e-01 
6.480000019073e+00 	 2.133984267712e-01 	  1.958068311214e-01 	  1.955464929342e-01 
6.509999752045e+00 	 2.458336502314e-01 	  2.251381278038e-01 	  2.248749285936e-01 
6.539999961853e+00 	 2.780768275261e-01 	  2.542667984962e-01 	  2.540009915829e-01 
6.569999694824e+00 	 3.100987374783e-01 	  2.831666171551e-01 	  2.828984558582e-01 
6.599999904633e+00 	 3.418703675270e-01 	  3.118115961552e-01 	  3.115413486958e-01 
6.629999637604e+00 	 3.733629286289e-01 	  3.401759564877e-01 	  3.399038612843e-01 
6.659999847412e+00 	 4.045478105545e-01 	  3.682341575623e-01 	  3.679604828358e-01 
6.690000057220e+00 	 4.353966712952e-01 	  3.959609270096e-01 	  3.956859707832e-01 
6.719999790192e+00 	 4.658814370632e-01 	  4.233313500881e-01 	  4.230553805828e-01 
6.750000000000e+00 	 4.959743320942e-01 	  4.503207802773e-01 	  4.500440657139e-01 
6.779999732971e+00 	 5.256479382515e-01 	  4.769048988819e-01 	  4.766277372837e-01 
6.809999942780e+00 	 5.548751354218e-01 	  5.030598044395e-01 	  5.027824640274e-01 
6.839999675751e+00 	 5.836292505264e-01 	  5.287619829178e-01 	  5.284847617149e-01 
6.869999885559e+00 	 6.118839979172e-01 	  5.539882779121e-01 	  5.537114143372e-01 
6.899999618530e+00 	 6.396135091782e-01 	  5.787159800529e-01 	  5.784397721291e-01 
6.929999828339e+00 	 6.667922735214e-01 	  6.029227972031e-01 	  6.026476025581e-01 
6.960000038147e+00 	 6.933954358101e-01 	  6.265870332718e-01 	  6.263130903244e-01 
6.989999771118e+00 	 7.193984389305e-01 	  6.496872901917e-01 	  6.494148969650e-01 
7.019999980927e+00 	 7.447774410248e-01 	  6.722028255463e-01 	  6.719322800636e-01 
7.049999713898e+00 	 7.695089578629e-01 	  6.941134333611e-01 	  6.938449740410e-01 
7.079999923706e+00 	 7.935701608658e-01 	  7.153993248940e-01 	  7.151332497597e-01 
7.109999656677e+00 	 8.169388175011e-01 	  7.360413670540e-01 	  7.357779741287e-01 
7.139999866486e+00 	 8.395932316780e-01 	  7.560209631920e-01 	  7.557605504990e-01 
7.170000076294e+00 	 8.615124225616e-01 	  7.753201127052e-01 	  7.750629782677e-01 
7.199999809265e+00 	 8.826760053635e-01 	  7.939214706421e-01 	  7.936679124832e-01 
7.230000019073e+00 	 9.030641913414e-01 	  8.118083477020e-01 	  8.115586042404e-01 
7.259999752045e+00 	 9.226579666138e-01 	  8.289645910263e-01 	  8.287189602852e-01 
7.289999961853e+00 	 9.414390325546e-01 	  8.453747630119e-01 	  8.451334834099e-01 
7.319999694824e+00 	 9.593896865845e-01 	  8.610240817070e-01 	  8.607874512672e-01 
7.349999904633e+00 	 9.764930605888e-01 	  8.758984804153e-01 	  8.756667971611e-01 
7.379999637604e+00 	 9.927329421043e-01 	  8.899845480919e-01 	  8.897581100464e-01 
7.409999847412e+00 	 1.008093953133e+00 	  9.032696485519e-01 	  9.030486941338e-01 
7.440000057220e+00 	 1.022561550140e+00 	  9.157418012619e-01 	  9.155265688896e-01 
7.469999790192e+00 	 1.036121845245e+00 	  9.273898005486e-01 	  9.271805286407e-01 
7.500000000000e+00 	 1.048761844635e+00 	  9.382031559944e-01 	  9.380000829697e-01 
7.529999732971e+00 	 1.060469388962e+00 	  9.481720924377e-01 	  9.479755163193e-01 
7.559999942780e+00 	 1.071233034134e+00 	  9.572876691818e-01 	  9.570978283882e-01 
7.589999675751e+00 	 1.081042170525e+00 	  9.655417203903e-01 	  9.653588533401e-01 
7.619999885559e+00 	 1.089887261391e+00 	  9.729267954826e-01 	  9.727510809898e-01 
7.649999618530e+00 	 1.097759366035e+00 	  9.794362187386e-01 	  9.792678952217e-01 
7.679999828339e+00 	 1.104650616646e+00 	  9.850641489029e-01 	  9.849034547806e-01 
7.710000038147e+00 	 1.110553860664e+00 	  9.898055195808e-01 	  9.896526336670e-01 
7.739999771118e+00 	 1.115462899208e+00 	  9.936560392380e-01 	  9.935111999512e-01 
7.769999980927e+00 	 1.119372487068e+00 	  9.966123104095e-01 	  9.964756965637e-01 
7.799999713898e+00 	 1.122278094292e+00 	  9.986715912819e-01 	  9.985434412956e-01 
7.829999923706e+00 	 1.124176263809e+00 	  9.998320937157e-01 	  9.997125267982e-01 
7.859999656677e+00 	 1.125064492226e+00 	  1.000092744827e+00 	  9.999819397926e-01 
7.889999866486e+00 	 1.124940872192e+00 	  9.994533061981e-01 	  9.993514418602e-01 
7.919999599457e+00 	 1.123804688454e+00 	  9.979143738747e-01 	  9.978216290474e-01 
7.949999809265e+00 	 1.121656060219e+00 	  9.954773187637e-01 	  9.953938126564e-01 
7.980000019073e+00 	 1.118496060371e+00 	  9.921443462372e-01 	  9.920701980591e-01 
8.010000228882e+00 	 1.114326596260e+00 	  9.879184365273e-01 	  9.878538250923e-01 
8.039999961853e+00 	 1.109150409698e+00 	  9.828034043312e-01 	  9.827484488487e-01 
8.069999694824e+00 	 1.102971315384e+00 	  9.768038392067e-01 	  9.767586588860e-01 
8.099999427795e+00 	 1.095794081688e+00 	  9.699251651764e-01 	  9.698898196220e-01 
8.130000114441e+00 	 1.087624073029e+00 	  9.621735215187e-01 	  9.621481895447e-01 
8.159999847412e+00 	 1.078467845917e+00 	  9.535559415817e-01 	  9.535406827927e-01 
8.189999580383e+00 	 1.068332791328e+00 	  9.440801739693e-01 	  9.440750479698e-01 
8.220000267029e+00 	 1.057227134705e+00 	  9.337546825409e-01 	  9.337598085403e-01 
8.250000000000e+00 	 1.045159935951e+00 	  9.225888252258e-01 	  9.226042628288e-01 
8.279999732971e+00 	 1.032141327858e+00 	  9.105926752090e-01 	  9.106184244156e-01 
8.309999465942e+00 	 1.018182039261e+00 	  8.977769613266e-01 	  8.978130817413e-01 
8.340000152588e+00 	 1.003293871880e+00 	  8.841532468796e-01 	  8.841997981071e-01 
8.369999885559e+00 	 9.874892830849e-01 	  8.697338104248e-01 	  8.697907924652e-01 
8.399999618530e+00 	 9.707817435265e-01 	  8.545315861702e-01 	  8.545989990234e-01 
8.429999351501e+00 	 9.531854391098e-01 	  8.385602831841e-01 	  8.386381268501e-01 
8.460000038147e+00 	 9.347154498100e-01 	  8.218343257904e-01 	  8.219225406647e-01 
8.489999771118e+00 	 9.153875708580e-01 	  8.043686747551e-01 	  8.044672608376e-01 
8.519999504089e+00 	 8.952184915543e-01 	  7.861791253090e-01 	  7.862880229950e-01 
8.550000190735e+00 	 8.742255568504e-01 	  7.672820091248e-01 	  7.674012184143e-01 
8.579999923706e+00 	 8.524268865585e-01 	  7.476943135262e-01 	  7.478237748146e-01 
8.609999656677e+00 	 8.298414349556e-01 	  7.274336814880e-01 	  7.275733351707e-01 
8.639999389648e+00 	 8.064888119698e-01 	  7.065184116364e-01 	  7.066681385040e-01 
8.670000076294e+00 	 7.823892831802e-01 	  6.849672794342e-01 	  6.851269602776e-01 
8.699999809265e+00 	 7.575639486313e-01 	  6.627996563911e-01 	  6.629692316055e-01 
8.729999542236e+00 	 7.320344448090e-01 	  6.400355100632e-01 	  6.402148604393e-01 
8.760000228882e+00 	 7.058231234550e-01 	  6.166953444481e-01 	  6.168843507767e-01 
8.789999961853e+00 	 6.789529919624e-01 	  5.928001403809e-01 	  5.929986834526e-01 
8.819999694824e+00 	 6.514476537704e-01 	  5.683714151382e-01 	  5.685793757439e-01 
8.849999427795e+00 	 6.233312487602e-01 	  5.434311628342e-01 	  5.436483621597e-01 
8.880000114441e+00 	 5.946285128593e-01 	  5.180017948151e-01 	  5.182281136513e-01 
8.909999847412e+00 	 5.653647780418e-01 	  4.921062588692e-01 	  4.923415184021e-01 
8.939999580383e+00 	 5.355659127235e-01 	  4.657678008080e-01 	  4.660118222237e-01 
8.970000267029e+00 	 5.052582025528e-01 	  4.390101730824e-01 	  4.392627477646e-01 
9.000000000000e+00 	 4.744684696198e-01 	  4.118574261665e-01 	  4.121183753014e-01 
9.029999732971e+00 	 4.432240128517e-01 	  3.843339979649e-01 	  3.846031129360e-01 
9.059999465942e+00 	 4.115525484085e-01 	  3.564646840096e-01 	  3.567417562008e-01 
9.090000152588e+00 	 3.794821500778e-01 	  3.282745480537e-01 	  3.285593390465e-01 
9.119999885559e+00 	 3.470413684845e-01 	  2.997889518738e-01 	  3.000812530518e-01 
9.149999618530e+00 	 3.142590522766e-01 	  2.710335552692e-01 	  2.713330984116e-01 
9.179999351501e+00 	 2.811644077301e-01 	  2.420342266560e-01 	  2.423407733440e-01 
9.210000038147e+00 	 2.477869242430e-01 	  2.128170728683e-01 	  2.131303548813e-01 
9.239999771118e+00 	 2.141563892365e-01 	  1.834083795547e-01 	  1.837281286716e-01 
9.269999504089e+00 	 1.803028434515e-01 	  1.538346260786e-01 	  1.541605591774e-01 
9.300000190735e+00 	 1.462565660477e-01 	  1.241224184632e-01 	  1.244542598724e-01 
9.329999923706e+00 	 1.120480075479e-01 	  9.429850429296e-02 	  9.463596343994e-02 
9.359999656677e+00 	 7.770781964064e-02 	  6.438972055912e-02 	  6.473249942064e-02 
9.389999389648e+00 	 4.326678812504e-02 	  3.442298620939e-02 	  3.477078303695e-02 
9.420000076294e+00 	 8.755818009377e-03 	  4.425270482898e-03 	  4.777774214745e-03 
9.449999809265e+00 	 -2.579409256577e-02 	  -2.557642757893e-02 	  -2.521953359246e-02 
9.479999542236e+00 	 -6.035187840462e-02 	  -5.555510520935e-02 	  -5.519414320588e-02 
9.510000228882e+00 	 -9.488645195961e-02 	  -8.548378199339e-02 	  -8.511908352375e-02 
9.539999961853e+00 	 -1.293667107821e-01 	  -1.153355240822e-01 	  -1.149674206972e-01 
9.569999694824e+00 	 -1.637615710497e-01 	  -1.450834572315e-01 	  -1.447122991085e-01 
9.599999427795e+00 	 -1.980400085449e-01 	  -1.747008264065e-01 	  -1.743269413710e-01 
9.630000114441e+00 	 -2.321710586548e-01 	  -2.041609585285e-01 	  -2.037847042084e-01 
9.659999847412e+00 	 -2.661238610744e-01 	  -2.334373444319e-01 	  -2.330590784550e-01 
9.689999580383e+00 	 -2.998677194118e-01 	  -2.625036537647e-01 	  -2.621237039566e-01 
9.719999313354e+00 	 -3.333720564842e-01 	  -2.913337051868e-01 	  -2.909524440765e-01 
9.750000000000e+00 	 -3.666065335274e-01 	  -3.199015557766e-01 	  -3.195193409920e-01 
9.779999732971e+00 	 -3.995409607887e-01 	  -3.481814861298e-01 	  -3.477987051010e-01 
9.809999465942e+00 	 -4.321454465389e-01 	  -3.761480450630e-01 	  -3.757650554180e-01 
9.840000152588e+00 	 -4.643903374672e-01 	  -4.037760794163e-01 	  -4.033932387829e-01 
9.869999885559e+00 	 -4.962463080883e-01 	  -4.310407042503e-01 	  -4.306584000587e-01 
9.899999618530e+00 	 -5.276843309402e-01 	  -4.579173922539e-01 	  -4.575360119343e-01 
9.929999351501e+00 	 -5.586757063866e-01 	  -4.843819737434e-01 	  -4.840018749237e-01 
9.960000038147e+00 	 -5.891921520233e-01 	  -5.104106068611e-01 	  -5.100321769714e-01 
9.989999771118e+00 	 -6.192058324814e-01 	  -5.359798669815e-01 	  -5.356034636497e-01 
1.001999950409e+01 	 -6.486892104149e-01 	  -5.610667467117e-01 	  -5.606927275658e-01 
1.005000019073e+01 	 -6.776153445244e-01 	  -5.856486558914e-01 	  -5.852774381638e-01 
1.007999992371e+01 	 -7.059576511383e-01 	  -6.097034811974e-01 	  -6.093354225159e-01 
1.010999965668e+01 	 -7.336900830269e-01 	  -6.332095861435e-01 	  -6.328450441360e-01 
1.013999938965e+01 	 -7.607871294022e-01 	  -6.561458110809e-01 	  -6.557851433754e-01 
1.017000007629e+01 	 -7.872238755226e-01 	  -6.784914731979e-01 	  -6.781350970268e-01 
1.019999980927e+01 	 -8.129759430885e-01 	  -7.002264857292e-01 	  -6.998747587204e-01 
1.022999954224e+01 	 -8.380194902420e-01 	  -7.213312983513e-01 	  -7.209845781326e-01 
1.026000022888e+01 	 -8.623313307762e-01 	  -7.417869567871e-01 	  -7.414455413818e-01 
1.028999996185e+01 	 -8.858889937401e-01 	  -7.615749835968e-01 	  -7.612392902374e-01 
1.031999969482e+01 	 -9.086705446243e-01 	  -7.806776165962e-01 	  -7.803479433060e-01 
1.034999942780e+01 	 -9.306547641754e-01 	  -7.990776300430e-01 	  -7.987543344498e-01 
1.038000011444e+01 	 -9.518212080002e-01 	  -8.167584538460e-01 	  -8.164419531822e-01 
1.040999984741e+01 	 -9.721500873566e-01 	  -8.337041735649e-01 	  -8.333948254585e-01 
1.043999958038e+01 	 -9.916223287582e-01 	  -8.498995900154e-01 	  -8.495976924896e-01 
1.046999931335e+01 	 -1.010219573975e+00 	  -8.653301000595e-01 	  -8.650359511375e-01 
1.050000000000e+01 	 -1.027924418449e+00 	  -8.799818158150e-01 	  -8.796957731247e-01 
1.052999973297e+01 	 -1.044720053673e+00 	  -8.938415646553e-01 	  -8.935639262199e-01 
1.055999946594e+01 	 -1.060590505600e+00 	  -9.068968296051e-01 	  -9.066278934479e-01 
1.059000015259e+01 	 -1.075520753860e+00 	  -9.191358685493e-01 	  -9.188759922981e-01 
1.061999988556e+01 	 -1.089496493340e+00 	  -9.305477142334e-01 	  -9.302971363068e-01 
1.064999961853e+01 	 -1.102504253387e+00 	  -9.411220550537e-01 	  -9.408810734749e-01 
1.067999935150e+01 	 -1.114531397820e+00 	  -9.508494138718e-01 	  -9.506182670593e-01 
1.071000003815e+01 	 -1.125566363335e+00 	  -9.597209692001e-01 	  -9.595000147820e-01 
1.073999977112e+01 	 -1.135598182678e+00 	  -9.677287936211e-01 	  -9.675182700157e-01 
1.076999950409e+01 	 -1.144617080688e+00 	  -9.748656749725e-01 	  -9.746658205986e-01 
1.080000019073e+01 	 -1.152613878250e+00 	  -9.811251759529e-01 	  -9.809362292290e-01 
1.082999992371e+01 	 -1.159580588341e+00 	  -9.865016341209e-01 	  -9.863238334656e-01 
1.085999965668e+01 	 -1.165509939194e+00 	  -9.909902811050e-01 	  -9.908238649368e-01 
1.088999938965e+01 	 -1.170395612717e+00 	  -9.945870041847e-01 	  -9.944322109222e-01 
1.092000007629e+01 	 -1.174232363701e+00 	  -9.972885847092e-01 	  -9.971455931664e-01 
1.094999980927e+01 	 -1.177015781403e+00 	  -9.990926384926e-01 	  -9.989616274834e-01 
1.097999954224e+01 	 -1.178742289543e+00 	  -9.999974966049e-01 	  -9.998787045479e-01 
1.101000022888e+01 	 -1.179409503937e+00 	  -1.000002384186e+00 	  -9.998959302902e-01 
1.103999996185e+01 	 -1.179015874863e+00 	  -9.991072416306e-01 	  -9.990133047104e-01 
1.106999969482e+01 	 -1.177560806274e+00 	  -9.973129034042e-01 	  -9.972316622734e-01 
1.109999942780e+01 	 -1.175044655800e+00 	  -9.946209788322e-01 	  -9.945525527000e-01 
1.113000011444e+01 	 -1.171468615532e+00 	  -9.910339117050e-01 	  -9.909784197807e-01 
1.115999984741e+01 	 -1.166835069656e+00 	  -9.865549206734e-01 	  -9.865124821663e-01 
1.118999958038e+01 	 -1.161147236824e+00 	  -9.811879992485e-01 	  -9.811587333679e-01 
1.121999931335e+01 	 -1.154409170151e+00 	  -9.749380350113e-01 	  -9.749220013618e-01 
1.125000000000e+01 	 -1.146626114845e+00 	  -9.678106307983e-01 	  -9.678079485893e-01 
1.127999973297e+01 	 -1.137804150581e+00 	  -9.598121643066e-01 	  -9.598228931427e-01 
1.130999946594e+01 	 -1.127950191498e+00 	  -9.509499073029e-01 	  -9.509741067886e-01 
1.134000015259e+01 	 -1.117072224617e+00 	  -9.412317872047e-01 	  -9.412694573402e-01 
1.136999988556e+01 	 -1.105179071426e+00 	  -9.306665658951e-01 	  -9.307177662849e-01 
1.139999961853e+01 	 -1.092280507088e+00 	  -9.192637205124e-01 	  -9.193284511566e-01 
1.142999935150e+01 	 -1.078387260437e+00 	  -9.070335626602e-01 	  -9.071118235588e-01 
1.146000003815e+01 	 -1.063511013985e+00 	  -8.939870595932e-01 	  -8.940788507462e-01 
1.148999977112e+01 	 -1.047664165497e+00 	  -8.801359534264e-01 	  -8.802412748337e-01 
1.151999950409e+01 	 -1.030860185623e+00 	  -8.654927015305e-01 	  -8.656115531921e-01 
1.155000019073e+01 	 -1.013113379478e+00 	  -8.500705361366e-01 	  -8.502027988434e-01 
1.157999992371e+01 	 -9.944387674332e-01 	  -8.338832855225e-01 	  -8.340289592743e-01 
1.160999965668e+01 	 -9.748523235321e-01 	  -8.169455528259e-01 	  -8.171045184135e-01 
1.163999938965e+01 	 -9.543709158897e-01 	  -7.992725968361e-01 	  -7.994447350502e-01 
1.167000007629e+01 	 -9.330121278763e-01 	  -7.808802723885e-01 	  -7.810655236244e-01 
1.169999980927e+01 	 -9.107943773270e-01 	  -7.617851495743e-01 	  -7.619833946228e-01 
1.172999954224e+01 	 -8.877369165421e-01 	  -7.420044541359e-01 	  -7.422155737877e-01 
1.175999927521e+01 	 -8.638597726822e-01 	  -7.215559482574e-01 	  -7.217797636986e-01 
1.178999996185e+01 	 -8.391836881638e-01 	  -7.004580497742e-01 	  -7.006944417953e-01 
1.181999969482e+01 	 -8.137301206589e-01 	  -6.787297129631e-01 	  -6.789785027504e-01 
1.184999942780e+01 	 -7.875212430954e-01 	  -6.563905477524e-01 	  -6.566515564919e-01 
1.188000011444e+01 	 -7.605800628662e-01 	  -6.334605813026e-01 	  -6.337336897850e-01 
1.190999984741e+01 	 -7.329300642014e-01 	  -6.099604964256e-01 	  -6.102454662323e-01 
1.193999958038e+01 	 -7.045955657959e-01 	  -5.859114527702e-01 	  -5.862081050873e-01 
1.196999931335e+01 	 -6.756014227867e-01 	  -5.613350868225e-01 	  -5.616431832314e-01 
1.200000000000e+01 	 -6.459731459618e-01 	  -5.362535119057e-01 	  -5.365728139877e-01 
1.202999973297e+01 	 -6.157368421555e-01 	  -5.106893181801e-01 	  -5.110195279121e-01 
1.205999946594e+01 	 -5.849191546440e-01 	  -4.846655130386e-01 	  -4.850063920021e-01 
1.209000015259e+01 	 -5.535473227501e-01 	  -4.582055211067e-01 	  -4.585567712784e-01 
1.211999988556e+01 	 -5.216490626335e-01 	  -4.313331246376e-01 	  -4.316944777966e-01 
1.214999961853e+01 	 -4.892525970936e-01 	  -4.040725529194e-01 	  -4.044437110424e-01 
1.217999935150e+01 	 -4.563866555691e-01 	  -3.764483034611e-01 	  -3.768289685249e-01 
1.221000003815e+01 	 -4.230803847313e-01 	  -3.484852612019e-01 	  -3.488751053810e-01 
1.223999977112e+01 	 -3.893633484840e-01 	  -3.202085793018e-01 	  -3.206072747707e-01 
1.226999950409e+01 	 -3.552655577660e-01 	  -2.916437089443e-01 	  -2.920509278774e-01 
1.230000019073e+01 	 -3.208173215389e-01 	  -2.628163397312e-01 	  -2.632317543030e-01 
1.232999992371e+01 	 -2.860493659973e-01 	  -2.337524443865e-01 	  -2.341756820679e-01 
1.235999965668e+01 	 -2.509926557541e-01 	  -2.044781744480e-01 	  -2.049088627100e-01 
1.238999938965e+01 	 -2.156785130501e-01 	  -1.750198751688e-01 	  -1.754576414824e-01 
1.242000007629e+01 	 -1.801384687424e-01 	  -1.454040557146e-01 	  -1.458485126495e-01 
1.244999980927e+01 	 -1.444043219090e-01 	  -1.156573742628e-01 	  -1.161081343889e-01 
1.247999954224e+01 	 -1.085080504417e-01 	  -8.580660074949e-02 	  -8.626326918602e-02 
1.250999927521e+01 	 -7.248181104660e-02 	  -5.587860196829e-02 	  -5.634077265859e-02 
1.253999996185e+01 	 -3.635791689157e-02 	  -2.590031363070e-02 	  -2.636757306755e-02 
1.256999969482e+01 	 -1.687891781330e-04 	  4.101283848286e-03 	  3.629356622696e-03 
1.259999942780e+01 	 3.605306148529e-02 	  3.409919142723e-02 	  3.362302109599e-02 
1.263000011444e+01 	 7.227506488562e-02 	  6.406641006470e-02 	  6.358642876148e-02 
1.265999984741e+01 	 1.084646135569e-01 	  9.397596865892e-02 	  9.349261224270e-02 
1.268999958038e+01 	 1.445891261101e-01 	  1.238009482622e-01 	  1.233146563172e-01 
1.271999931335e+01 	 1.806160211563e-01 	  1.535145044327e-01 	  1.530257314444e-01 
1.275000000000e+01 	 2.165127694607e-01 	  1.830898970366e-01 	  1.825990825891e-01 
1.277999973297e+01 	 2.522469758987e-01 	  2.125005125999e-01 	  2.120081186295e-01 
1.280999946594e+01 	 2.877863049507e-01 	  2.417198717594e-01 	  2.412263602018e-01 
1.284000015259e+01 	 3.230986297131e-01 	  2.707216739655e-01 	  2.702275216579e-01 
1.286999988556e+01 	 3.581519424915e-01 	  2.994798421860e-01 	  2.989854812622e-01 
1.289999961853e+01 	 3.929144740105e-01 	  3.279684782028e-01 	  3.274743855000e-01 
1.292999935150e+01 	 4.273546636105e-01 	  3.561619520187e-01 	  3.556685745716e-01 
1.296000003815e+01 	 4.614412188530e-01 	  3.840348720551e-01 	  3.835426867008e-01 
1.298999977112e+01 	 4.951431751251e-01 	  4.115621447563e-01 	  4.110716283321e-01 
1.301999950409e+01 	 5.284298062325e-01 	  4.387190341949e-01 	  4.382306337357e-01 
1.304999923706e+01 	 5.612708330154e-01 	  4.654810726643e-01 	  4.649952650070e-01 
1.307999992371e+01 	 5.936362743378e-01 	  4.918241798878e-01 	  4.913414418697e-01 
1.310999965668e+01 	 6.254965662956e-01 	  5.177246332169e-01 	  5.172454118729e-01 
1.313999938965e+01 	 6.568225622177e-01 	  5.431591272354e-01 	  5.426838994026e-01 
1.317000007629e+01 	 6.875856518745e-01 	  5.681048035622e-01 	  5.676340460777e-01 
1.319999980927e+01 	 7.177575826645e-01 	  5.925391912460e-01 	  5.920733213425e-01 
1.322999954224e+01 	 7.473106980324e-01 	  6.164402961731e-01 	  6.159797906876e-01 
1.325999927521e+01 	 7.762178182602e-01 	  6.397866010666e-01 	  6.393319368362e-01 
1.328999996185e+01 	 8.044523596764e-01 	  6.625570654869e-01 	  6.621087193489e-01 
1.331999969482e+01 	 8.319883346558e-01 	  6.847312450409e-01 	  6.842896342278e-01 
1.334999942780e+01 	 8.588002920151e-01 	  7.062891721725e-01 	  7.058547735214e-01 
1.338000011444e+01 	 8.848634362221e-01 	  7.272114157677e-01 	  7.267846465111e-01 
1.340999984741e+01 	 9.101536870003e-01 	  7.474792003632e-01 	  7.470604777336e-01 
1.343999958038e+01 	 9.346475601196e-01 	  7.670742273331e-01 	  7.666640281677e-01 
1.346999931335e+01 	 9.583222866058e-01 	  7.859789133072e-01 	  7.855775952339e-01 
1.350000000000e+01 	 9.811558127403e-01 	  8.041762113571e-01 	  8.037841916084e-01 
1.352999973297e+01 	 1.003126859665e+00 	  8.216497302055e-01 	  8.212674260139e-01 
1.355999946594e+01 	 1.024214863777e+00 	  8.383837938309e-01 	  8.380116224289e-01 
1.359000015259e+01 	 1.044400095940e+00 	  8.543633222580e-01 	  8.540016412735e-01 
1.361999988556e+01 	 1.063663482666e+00 	  8.695738911629e-01 	  8.692231178284e-01 
1.364999961853e+01 	 1.081986904144e+00 	  8.840018510818e-01 	  8.836623430252e-01 
1.367999935150e+01 	 1.099353075027e+00 	  8.976342082024e-01 	  8.973063230515e-01 
1.371000003815e+01 	 1.115745425224e+00 	  9.104586839676e-01 	  9.101427793503e-01 
1.373999977112e+01 	 1.131148338318e+00 	  9.224637746811e-01 	  9.221602082253e-01 
1.376999950409e+01 	 1.145547151566e+00 	  9.336386322975e-01 	  9.333477616310e-01 
1.379999923706e+01 	 1.158927917480e+00 	  9.439731836319e-01 	  9.436953663826e-01 
1.382999992371e+01 	 1.171277642250e+00 	  9.534581899643e-01 	  9.531936645508e-01 
1.385999965668e+01 	 1.182584404945e+00 	  9.620850682259e-01 	  9.618341922760e-01 
1.388999938965e+01 	 1.192836999893e+00 	  9.698460698128e-01 	  9.696091413498e-01 
1.392000007629e+01 	 1.202025175095e+00 	  9.767342209816e-01 	  9.765114784241e-01 
1.394999980927e+01 	 1.210139870644e+00 	  9.827433228493e-01 	  9.825350046158e-01 
1.397999954224e+01 	 1.217172741890e+00 	  9.878679513931e-01 	  9.876743555069e-01 
1.400999927521e+01 	 1.223116517067e+00 	  9.921035170555e-01 	  9.919248819351e-01 
1.403999996185e+01 	 1.227964758873e+00 	  9.954461455345e-01 	  9.952827095985e-01 
1.406999969482e+01 	 1.231712222099e+00 	  9.978929162025e-01 	  9.977448582649e-01 
1.409999942780e+01 	 1.234354496002e+00 	  9.994415640831e-01 	  9.993091225624e-01 
1.413000011444e+01 	 1.235888242722e+00 	  1.000090718269e+00 	  9.999740719795e-01 
1.415999984741e+01 	 1.236311078072e+00 	  9.998397827148e-01 	  9.997391104698e-01 
1.418999958038e+01 	 1.235621571541e+00 	  9.986889958382e-01 	  9.986044168472e-01 
1.421999931335e+01 	 1.233819484711e+00 	  9.966393709183e-01 	  9.965710639954e-01 
1.425000000000e+01 	 1.230905294418e+00 	  9.936927556992e-01 	  9.936408400536e-01 
1.427999973297e+01 	 1.226880669594e+00 	  9.898518323898e-01 	  9.898164272308e-01 
1.430999946594e+01 	 1.221748232841e+00 	  9.851200580597e-01 	  9.851012229919e-01 
1.434000015259e+01 	 1.215511560440e+00 	  9.795016646385e-01 	  9.794995188713e-01 
1.436999988556e+01 	 1.208175301552e+00 	  9.730017185211e-01 	  9.730163216591e-01 
1.439999961853e+01 	 1.199745178223e+00 	  9.656260609627e-01 	  9.656574726105e-01 
1.442999935150e+01 	 1.190227627754e+00 	  9.573813676834e-01 	  9.574295878410e-01 
1.446000003815e+01 	 1.179630279541e+00 	  9.482750296593e-01 	  9.483401179314e-01 
1.448999977112e+01 	 1.167961716652e+00 	  9.383152127266e-01 	  9.383971691132e-01 
1.451999950409e+01 	 1.155231595039e+00 	  9.275109171867e-01 	  9.276097416878e-01 
1.454999923706e+01 	 1.141450285912e+00 	  9.158718585968e-01 	  9.159875512123e-01 
1.457999992371e+01 	 1.126629233360e+00 	  9.034085273743e-01 	  9.035410284996e-01 
1.460999965668e+01 	 1.110780835152e+00 	  8.901321291924e-01 	  8.902813792229e-01 
1.463999938965e+01 	 1.093918561935e+00 	  8.760546445847e-01 	  8.762205243111e-01 
1.467000007629e+01 	 1.076056480408e+00 	  8.611887097359e-01 	  8.613711595535e-01 
1.469999980927e+01 	 1.057209968567e+00 	  8.455476760864e-01 	  8.457465767860e-01 
1.472999954224e+01 	 1.037395000458e+00 	  8.291456699371e-01 	  8.293609023094e-01 
1.475999927521e+01 	 1.016628503799e+00 	  8.119974136353e-01 	  8.122288584709e-01 
1.478999996185e+01 	 9.949283599854e-01 	  7.941183447838e-01 	  7.943658828735e-01 
1.481999969482e+01 	 9.723132252693e-01 	  7.755246162415e-01 	  7.757880091667e-01 
1.484999942780e+01 	 9.488026499748e-01 	  7.562329173088e-01 	  7.565119862556e-01 
1.488000011444e+01 	 9.244170188904e-01 	  7.362605929375e-01 	  7.365551590919e-01 
1.490999984741e+01 	 8.991774916649e-01 	  7.156256437302e-01 	  7.159354686737e-01 
1.493999958038e+01 	 8.731059432030e-01 	  6.943466067314e-01 	  6.946715116501e-01 
1.496999931335e+01 	 8.462251424789e-01 	  6.724426746368e-01 	  6.727823615074e-01 
1.500000000000e+01 	 8.185585737228e-01 	  6.499335169792e-01 	  6.502877473831e-01 
